0.0
5e-05
0.00010000046666658662
0.00015000186667022168
0.00020000466668911748
0.00025000933341311194
0.0003000163335475437
0.00035002613381712744
0.0004000392009698287
0.0004500560017807391
0.000500077003055951
0.0005501026716364328
0.000600133474401903
0.0006501698782747057
0.0007002123502236842
0.0007502613572680562
0.0008003173664812875
0.0008503808449949664
0.0009004522600026776
0.0009505320787638759
0.0010006207686077597
0.0010507187969371447
0.0011008266312323369
0.0011509447390550052
0.001201073588052055
0.0012512136459594998
0.0013013653806063343
0.0013515292599184056
0.0014017057519222851
0.0014518953247491407
0.0015020984466386066
0.0015523155859426554
0.0016025472111294674
0.0016527937907873018
0.001703055793628366
0.0017533336884926845
0.0018036279443519692
0.0018539390303134872
0.001904267415623929
0.001954613569673277
0.002004977961998672
0.002055361062288281
0.0021057633403851646
0.00215618526629114
0.0022066273101706488
0.002257089942354623
0.0023075736333443477
0.0023580788538153257
0.002408606074621141
0.0024591557667973216
0.0025097284015652027
0.002560324450335787
0.002610944384713608
0.0026615886765005876
0.0027122577976998992
0.0027629522205198246
0.0028136724173776135
0.0028644188609033418
0.0029151920239437676
0.0029659923795661894
0.0030168204010623
0.0030676765619520427
0.0031185613359874654
0.0031694751971565738
0.0032204186196871836
0.003271392078050773
0.003322396046966333
0.003373431001404219
0.0034244974165899967
0.0034755957680082947
0.003526726531406648
0.003577890182799346
0.003629087198471279
0.00368031805498178
0.003731583229168471
0.0037828831981511035
0.0038342184393353996
0.0038855894304168936
0.003936996649384771
0.003988440574525703
0.004039921684427691
0.004091440457983894
0.004142997374396468
0.004194592913180396
0.004246227554167326
0.004297901777509393
0.004349616063683054
0.0044013708934929185
0.004453166748075568
0.004505004108903387
0.004556883457788385
0.004608805276886018
0.004660770048699012
0.0047127782560811805
0.004764830382241243
0.004816926910746643
0.00486906832552736
0.004921255110879726
0.004973487751470233
0.005025766732339348
0.005078092538905317
0.005130465656967975
0.005182886572712545
0.00523535577271345
0.005287873743938105
0.005340440973750721
0.005393057949916101
0.005445725160603438
0.005498443094390102
0.0055512122402654384
0.005604033087634553
0.005656906126322099
0.0057098318465760665
0.00576281073907156
0.005815843294914582
0.00586893000564581
0.005922071363244374
0.005975267860131629
0.006028519989174928
0.006081828243691389
0.006135193117451663
0.006188615104683696
0.006242094700076496
0.006295632398783883
0.006349228696428254
0.00640288408910433
0.006456599073382912
0.006510374146314625
0.006564209805433665
0.006618106548761542
0.006672064874810818
0.006726085282588844
0.006780168271601496
0.0068343143418569
0.006888523993869163
0.006942797728662097
0.00699713604777294
0.0070515394532560715
0.0071060084476867276
0.007160543534164713
0.007215145216318107
0.007269813998306968
0.007324550384827036
0.007379354881113423
0.007434227992944313
0.007489170226644648
0.007544182089089812
0.007599264087709315
0.007654416730490471
0.007709640525982068
0.0077649359832980425
0.007820303612121141
0.007875743922706584
0.00793125742588572
0.00798684463306968
0.00804250605625303
0.008098242208017404
0.008154053601535155
0.008209940750572981
0.008265904169495561
0.008321944373269177
0.008378061877465334
0.00843425719826438
0.008490530852459108
0.008546883357458374
0.008603315231290683
0.008659826992607797
0.008716419160688315
0.008773092255441265
0.008829846797409679
0.008886683307774165
0.008943602308356481
0.009000604321623092
0.009057689870688725
0.009114859479319929
0.009172113671938606
0.009229452973625563
0.009286877910124032
0.009344389007843207
0.009401986793861757
0.009459671795931341
0.009517444542480116
0.009575305562616236
0.009633255386131346
0.009691294543504071
0.009749423565903493
0.009807642985192622
0.009865953333931868
0.009924355145382497
0.009982848953510075
0.010041435292987925
0.010100114699200552
0.010158887708247077
0.01021775485694466
0.010276716682831907
0.010335773724172279
0.010394926519957487
0.010454175609910885
0.010513521534490847
0.010572964834894137
0.010632506053059279
0.010692145731669905
0.010751884414158109
0.010811722644707774
0.010871660968257911
0.01093169993050597
0.010991840077911156
0.011052081957697722
0.011112426117858268
0.011172873107157016
0.011233423475133085
0.01129407777210375
0.011354836549167698
0.01141570035820826
0.011476669751896656
0.0115377452836952
0.011598927507860518
0.01166021697944675
0.011721614254308732
0.011783119889105175
0.011844734441301831
0.011906458469174649
0.011968292531812915
0.012030237189122387
0.012092293001828411
0.012154460531479033
0.01221674034044809
0.012279132991938295
0.01234163904998431
0.0124042590794558
0.012466993646060485
0.012529843316347164
0.01259280865770874
0.012655890238385226
0.012719088627466736
0.012782404394896469
0.012845838111473664
0.012909390348856563
0.012973061679565344
0.013036852676985039
0.01310076391536845
0.013164795969839042
0.013228949416393816
0.013293224831906177
0.013357622794128787
0.01342214388169639
0.013486788674128636
0.013551557751832881
0.01361645169610697
0.013681471089142014
0.013746616514025135
0.013811888554742208
0.01387728779618058
0.013942814824131771
0.014008470225294162
0.014074254587275662
0.014140168498596357
0.014206212548691147
0.014272387327912358
0.014338693427532337
0.014405131439746035
0.014471701957673557
0.014538405575362713
0.01460524288779153
0.01467221449087076
0.014739320981446357
0.01480656295730194
0.01487394101716124
0.014941455760690512
0.015009107788500948
0.015076897702151044
0.01514482610414897
0.015212893597954903
0.015281100787983337
0.01534944827960539
0.01541793667915107
0.01548656659391152
0.01555533863214125
0.015624253403060343
0.015693311516856635
0.01576251358468787
0.015831860218683835
0.015901352031948472
0.01597098963856197
0.016040773653582804
0.016110704693049805
0.016180783373984146
0.016251010314391336
0.016321386133263182
0.01639191145057973
0.016462586887311153
0.016533413065419663
0.016604390607861345
0.016675520138587988
0.016746802282548892
0.01681823766569264
0.01688982691496884
0.016961570658329848
0.01703346952473245
0.017105524144139524
0.01717773514752167
0.017250103166858818
0.017322628835141782
0.01739531278637382
0.01746815565557213
0.01754115807876934
0.017614320693014943
0.01768764413637673
0.017761129047942168
0.017834776067819743
0.017908585837140292
0.017982558998058288
0.01805669619375309
0.018130998068430167
0.018205465267322286
0.01828009843669066
0.018354898223826067
0.018429865277049932
0.018505000245715376
0.018580303780208224
0.018655776531947985
0.01873141915338879
0.01880723229802029
0.01888321662036852
0.018959372775996738
0.019035701421506193
0.019112203214536896
0.01918887881376832
0.019265728878920075
0.019342754070752546
0.01941995505106748
0.01949733248270854
0.019574887029561817
0.019652619356556305
0.01973053012966432
0.0198086200159019
0.019886889683329138
0.01996533980105049
0.02004397103921503
0.020122784069016672
0.020201779562694328
0.020280958193532046
0.020360320635859085
0.02043986756504995
0.020519599657524385
0.02059951759074731
0.020679622043228728
0.02075991369452356
0.020840393225231468
0.020921061316996576
0.02100191865250721
0.021082965915495525
0.021164203790737135
0.02124563296405065
0.02132725412229719
0.021409067953379844
0.021491075146243068
0.02157327639087203
0.021655672378291923
0.0217382638005672
0.02182105135080078
0.021904035723133163
0.021987217612741545
0.022070597715838823
0.022154176729672587
0.022237955352524024
0.022321934283706792
0.022406114223565816
0.022490495873476048
0.022575079935841146
0.022659867114092107
0.022744858112685847
0.02283005363710371
0.02291545439384992
0.023001061090449974
0.023086874435448983
0.023172895138409925
0.023259123909911875
0.023345561461548127
0.0234322085059243
0.023519065756656334
0.023606133928368463
0.0236934137366911
0.023780905898258653
0.02386861113070729
0.02395653015267263
0.024044663683787375
0.024133012444678848
0.024221577156966503
0.024310358543259334
0.024399357327153228
0.024488574233228245
0.024578009987045835
0.02466766531514597
0.02475754094504421
0.024847637605228717
0.024937956025157144
0.025028496935253525
0.025119261066905017
0.025210249152458623
0.025301461925217802
0.025392900119439035
0.02548456447032828
0.02557645571403739
0.025668574587660413
0.025760921829229847
0.0258534981777128
0.02594630437300706
0.026039341155937114
0.02613260926825007
0.02622610945261148
0.026319842452601126
0.026413809012708674
0.02650800987832928
0.026602445795759096
0.026697117512190702
0.026792025775708442
0.026887171335283674
0.02698255494076995
0.027078177342898094
0.027174039293271196
0.02727014154435952
0.027366484849495325
0.027463069962867587
0.027559897639516648
0.027656968635328755
0.02775428370703053
0.027851843612183316
0.02794964910917747
0.028047700957226526
0.0281459999163613
0.028244546747423868
0.02834334221206146
0.02844238707272027
0.028541682092639162
0.028641228035843267
0.028741025667137505
0.02884107575209999
0.028941379057075344
0.02904193634916791
0.02914274839623487
0.029243815966879257
0.029345139830442853
0.02944672075699902
0.029548559517345394
0.029650656882996482
0.02975301362617618
0.029855630519810144
0.0299585083375181
0.030061647853606016
0.030165049843058185
0.030268715081529188
0.03037264434533576
0.03047683841144855
0.03058129805748375
0.03068602406169464
0.030791017202963022
0.03089627826079051
0.031001808015289754
0.03110760724717552
0.03121367673775566
0.03132001726892201
0.03142662962314108
0.03153351458344475
0.03164067293342076
0.031748105457203114
0.03185581293946238
0.031963796165395846
0.03207205592071759
0.032180592991648396
0.032289408164905595
0.03239850222769274
0.0325078759676892
0.03261753017303959
0.03272746563234315
0.032837683134642914
0.03294818346941484
0.03305896742655674
0.03317003579637717
0.033281389369584115
0.033393028937273604
0.033504955290918174
0.03361716922235523
0.03372967152377524
0.033842462987709876
0.03395554440701992
0.03406891657488317
0.034182580284782084
0.03429653633049142
0.03441078550606566
0.03452532860582634
0.03464016642434924
0.034755299756451474
0.03487072939717838
0.03498645614179034
0.035102480785749485
0.03521880412470617
0.03533542695448542
0.03545235007107319
0.0355695742706025
0.035687100349339446
0.035804929103669066
0.03592306133008106
0.03604149782515541
0.036160239385547834
0.03627928680797512
0.03639864088920029
0.03651830242601771
0.03663827221523794
0.03675855105367257
0.036879139738118814
0.03700003906534407
0.037121249832070234
0.03724277283495796
0.037364608870590725
0.03748675873545881
0.037609223225943074
0.03773200313829866
0.03785509926863848
0.03797851241291668
0.038102243366911794
0.038226292926209944
0.03835066188618775
0.03847535104199518
0.038600361188538254
0.03872569312046156
0.038851347632130676
0.03897732551761444
0.03910362757066705
0.03923025458471008
0.03935720735281429
0.03948448666768135
0.03961209332162536
0.03974002810655431
0.03986829181395133
0.039996885234855825
0.04012580915984446
0.04025506437901202
0.04038465168195212
0.040514571857737755
0.040644825694901736
0.040775413981416986
0.04090633750467666
0.04103759705147417
0.041169193407983015
0.041301127359736546
0.04143339969160751
0.041566011187787515
0.04169896263176631
0.041832254806310976
0.04196588849344492
0.04209986447442676
0.042234183529729116
0.04236884643901715
0.04250385398112708
0.04263920693404449
0.04277490607488257
0.04291095217986009
0.043047346024279405
0.04318408838250421
0.04332118002793718
0.04345862173299751
0.043596414269098285
0.04373455840662372
0.04387305491490631
0.044011904562203795
0.044151108115676005
0.0442906663413616
0.04443058000415465
0.044570849867781134
0.044711476694775217
0.0448524612464555
0.04499380428290108
0.045135506562927544
0.045277568844062734
0.04541999188252251
0.045562776433186306
0.04570592324957257
0.045849433083814166
0.04599330668663351
0.046137544807317736
0.04628214819369364
0.046427117592102544
0.046572453747375064
0.04671815740280573
0.046864229300127486
0.047010670179486125
0.047157480779414576
0.04730466183680707
0.04745221408689325
0.047600138263212105
0.047748435097585855
0.047897105320093704
0.048046149659045495
0.048195568840955265
0.048345363590514695
0.04849553463056648
0.048646082682077575
0.04879700846411236
0.04894831269380573
0.04909999608633603
0.04925205935489799
0.0494045032106755
0.04955732836281434
0.04971053551839479
0.0498641253824042
0.05001809865770943
0.05017245604502926
0.050327198242906684
0.05048232594768115
0.05063783985346072
0.05079374065209418
0.05095002903314304
0.05110670568385349
0.05126377128912831
0.05142122653149869
0.051579072091096
0.051737308645623516
0.051895936870328056
0.0520549574379716
0.052214371018802865
0.05237417828052877
0.05253437988828594
0.05269497650461211
0.0528559687894175
0.05301735739995619
0.05317914299079739
0.053341326213796746
0.053503907718067595
0.05366688814995216
0.05383026815299277
0.05399404836790306
0.05415822943253908
0.054322811981870514
0.05448779664795176
0.0546531840598931
0.054818974843831796
0.054985169622903236
0.05515176901721206
0.05531877364380327
0.055486184116633384
0.05565400104654159
0.0558222250412209
0.05599085670518933
0.056159896639761134
0.056329345443018
0.05649920370978033
0.05666947203157852
0.05684015099662432
0.057011241189782146
0.05718274319254056
0.05735465758298368
0.05752698493576271
0.05769972582206752
0.05787288080959825
0.05804645046253703
0.0582204353415197
0.05839483600360769
0.05856965300225987
0.05874488688730459
0.058920538204911686
0.05909660749756472
0.05927309530403317
0.059450002159344796
0.05962732859475809
0.059805075137734844
0.0599832423119128
0.06016183063707844
0.06034084062913989
0.06052027280009996
0.06070012765802926
0.06088040570703955
0.0610611074472571
0.061242233374796326
0.06142378398173346
0.06160575975608047
0.06178816118175907
0.0619709887385749
0.06215424290219193
0.06233792414410697
0.0625220329316244
0.06270656972783106
0.06289153499157138
0.06307692917742261
0.06326275273567034
0.06344900611228418
0.0636356897488937
0.06382280408276451
0.06401034954677458
0.06419832656939085
0.06438673557464605
0.0645755769821157
0.0647648512068954
0.06495455865957837
0.06514469974623326
0.06533527486838218
0.06552628442297906
0.06571772880238819
0.06590960839436312
0.06610192358202588
0.06629467474384633
0.06648786225362198
0.06668148648045803
0.06687554778874774
0.06707004653815311
0.06726498308358589
0.06746035777518888
0.06765617095831769
0.06785242297352263
0.0680491141565312
0.06824624483823069
0.06844381534465135
0.06864182599694978
0.06884027711139276
0.0690391689993415
0.06923850196723615
0.06943827631658084
0.06963849234392905
0.06983915034086942
0.07004025059401192
0.07024179338497455
0.07044377899037033
0.07064620768179482
0.0708490797258141
0.0710523953839531
0.07125615491268446
0.0714603585634179
0.0716650065824899
0.07187009921115407
0.07207563668557179
0.07228161923680354
0.07248804709080058
0.0726949204683972
0.07290223958530355
0.07311000465209881
0.0733182158742251
0.07352687345198179
0.07373597758052039
0.07394552844984001
0.07415552624478336
0.07436597114503334
0.07457686332511017
0.07478820295436912
0.07499999019699886
0.07521222521202034
0.07542490815328635
0.07563803916948164
0.0758516184041237
0.07606564599556412
0.07628012207699064
0.07649504677642985
0.07671042021675044
0.07692624251566725
0.07714251378574594
0.07735923413440823
0.07757640366393806
0.07779402247148817
0.07801209064908761
0.07823060828364979
0.07844957545698139
0.07866899224579191
0.07888885872170394
0.07910917495126425
0.07932994099595558
0.07955115691220921
0.07977282275141825
0.07999493855995181
0.08021750437916982
0.0804405202454388
0.08066398619014827
0.08088790223972812
0.08111226841566671
0.08133708473452979
0.08156235120798035
0.08178806784279923
0.0820142346409066
0.08224085159938435
0.08246791871049933
0.08269543596172745
0.08292340333577868
0.08315182081062301
0.08338068835951724
0.08361000595103275
0.08383977354908415
0.08406999111295889
0.08430065859734791
0.08453177595237704
0.0847633431236396
0.08499536005222982
0.08522782667477731
0.0854607429234825
0.08569410872615318
0.08592792400624188
0.08616218868288449
0.0863969026709397
0.08663206588102973
0.0868676782195819
0.0871037395888714
0.0873402498870651
0.08757720900826646
0.08781461684256155
0.08805247327606613
0.08829077819097397
0.08852953146560617
0.08876873297446175
0.08900838258826929
0.08924848017403984
0.08948902559512097
0.08973001871125197
0.08997145937862035
0.09021334744991949
0.09045568277440755
0.0906984651979676
0.0909416945631691
0.09118537070933046
0.09142949347258311
0.09167406268593672
0.09191907817934578
0.09216453977977747
0.09241044731128095
0.09265680059505794
0.09290359944953465
0.09315084369043516
0.09339853313085617
0.09364666758134313
0.09389524684996785
0.09414427074240755
0.09439373906202535
0.09464365160995224
0.09489400818517055
0.09514480858459899
0.09539605260317911
0.09564774003396342
0.095899870668205
0.09615244429544875
0.0964054607036242
0.09665891967913998
0.09691282100697994
0.09716716447080093
0.09742194985303222
0.09767717693497673
0.09793284549691385
0.0981889553182042
0.09844550617739597
0.09870249785233325
0.098959930120266
0.09921780275796202
0.09947611554182073
0.09973486824798887
0.09999406065247807
0.1002536925312845
0.10051376366051037
0.10077427381648757
0.10103522277590322
0.10129661031592743
0.10155843621434305
0.10182070024967764
0.10208340220133759
0.10234654184974441
0.1026101189764733
0.10287413336439401
0.10313858479781393
0.10340347306262368
0.10366879794644489
0.10393455923878063
0.10420075673116816
0.10446739021733423
0.10473445949335297
0.10500196435780638
0.10526990461194745
0.10553828005986597
0.10580709050865715
0.10607633576859295
0.10634601565329635
0.10661612997991846
0.10688667856931862
0.10715766124624755
0.10742907783953351
0.10770092818227163
0.10797321211201646
0.1082459294709778
0.10851908010621977
0.1087926638698634
0.10906668061929262
0.1093411302173638
0.10961601253261896
0.10989132743950261
0.11016707481858243
0.11044325455677374
0.11071986654756802
0.11099691069126533
0.11127438689521102
0.11155229507403648
0.11183063514990438
0.11210940705275814
0.11238861072057613
0.11266824609963028
0.1129483131447496
0.11322881181958842
0.11350974209689972
0.11379110395881338
0.1140728973971198
0.11435512241355877
0.11463777902011382
0.11492086723931219
0.11520438710453056
0.11548833866030661
0.11577272196265675
0.11605753707939993
0.11634278409048783
0.11662846308834164
0.11691457417819548
0.11720111747844673
0.1174880931210134
0.1177755012516987
0.11806334203056315
0.11835161563230429
0.11864032224664414
0.1189294620787249
0.1192190353495128
0.11950904229621045
0.1197994831726781
0.1200903582498637
0.12038166781624225
0.12067341217826477
0.12096559166081686
0.12125820660768741
0.12155125738204764
0.12184474436694068
0.12213866796578217
0.12243302860287203
0.12272782672391779
0.12302306279656984
0.1233187373109689
0.12361485078030607
0.12391140374139578
0.1242083967552622
0.12450583040773919
0.12480370531008445
0.12510202209960822
0.12540078144031677
0.1256999840235715
0.1259996305687635
0.12629972182400487
0.12660025856683627
0.1269012416049521
0.1272026717769431
0.12750454995305757
0.1278068770359809
0.1281096539616347
0.1284128816999958
0.12871656125593534
0.12902069367007932
0.12932528001969026
0.12963032141957143
0.12993581902299356
0.13024177402264517
0.1305481876516069
0.13085506118435042
0.1311623959377629
0.13147019327219744
0.13177845459255
0.13208718134936395
0.1323963750399626
0.13270603720961044
0.13301616945270378
0.13332677341399163
0.13363785078982723
0.13394940332945124
0.1342614328363069
0.1345739411693881
0.1348869302446208
0.13520040203627873
0.13551435857843333
0.13582880196643932
0.1361437343584557
0.136459157977003
0.13677507511055717
0.13709148811518035
0.13740839941618893
0.137725811509859
0.13804372696516926
0.1383621484255815
0.13868107861085846
0.1390005203189186
0.1393204764277278
0.13964094989722675
0.1399619437712939
0.14028346117974222
0.14060550534034907
0.14092807956091732
0.14125118724136568
0.14157483187584638
0.14189901705488733
0.14222374646755565
0.14254902390363922
0.14287485325584204
0.14320123852198893
0.14352818380723406
0.14385569332626752
0.1441837714055131
0.14451242248530982
0.14484165112206843
0.14517146199039352
0.14550185988516065
0.14583284972353652
0.14616443654692898
0.1464966255228525
0.14682942194669277
0.14716283124335272
0.14749685896876036
0.1478315108112168
0.14816679259256102
0.14850271026912543
0.1488392699324539
0.14917647780975185
0.1495143402640348
0.14985286379393914
0.15019205503315633
0.15053192074944804
0.1508724678431972
0.1512137033454463
0.15155563441537126
0.15189826833713585
0.1522416125160681
0.15258567447409774
0.1529304618443897
0.1532759823651069
0.15362224387223256
0.1539692542913805
0.15431702162852037
0.15466555395954423
0.1550148594186008
0.1553649461851251
0.1557158224694934
0.15606749649723706
0.15641997649175474
0.1567732706554689
0.15712738714938243
0.1574823340710022
0.1578381194306104
0.15819475112588116
0.15855223691485862
0.15891058438733505
0.15926980093469173
0.1596298937182934
0.15999086963655593
0.16035273529084018
0.1607154969503577
0.1610791605163097
0.16144373148551627
0.16180921491382794
0.1621756153796455
0.1625429369479063
0.16291118313492242
0.16328035687447962
0.16365046048562346
0.16402149564256796
0.16439346334716423
0.16476636390435828
0.16514019690104953
0.16551496118873302
0.16589065487026985
0.16626727529108187
0.1666448190350084
0.16702328192499735
0.16740265902873058
0.16778294466920668
0.16816413244022496
0.16854621522663557
0.16892918522914363
0.16931303399338318
0.169697752442911
0.1700833309157142
0.17046975920377824
0.17085702659522697
0.17124512191852273
0.17163403358820303
0.17202374965163045
0.1724142578362437
0.17280554559681907
0.17319760016228142
0.1735904085816407
0.17398395776867304
0.17437823454501142
0.17477322568136053
0.17516891793659928
0.1755652980945845
0.17596235299851593
0.1763600695827687
0.17675843490213974
0.17715743615849322
0.17755706072482338
0.1779572961667816
0.17835813026173977
0.17875955101548222
0.1791615466766341
0.17956410574894735
0.17996721700157342
0.18037086947745798
0.1807750524999959
0.18117975567808522
0.18158496890971748
0.1819906823842384
0.18239688658340938
0.18280357228139366
0.18321073054378573
0.18361835272579546
0.1840264304696913
0.18443495570159973
0.18484392062775085
0.18525331773025283
0.18566313976247073
0.18607337974407856
0.18648403095584704
0.18689508693422302
0.18730654146575137
0.1877183885813838
0.1881306225507148
0.18854323787618044
0.18895622928724998
0.18936959173463855
0.1897833203845637
0.19019741061306614
0.19061185800041244
0.19102665832559385
0.19144180756093376
0.19185730186681424
0.19227313758652953
0.19268931124127334
0.19310581952526504
0.19352265930101853
0.19393982759475645
0.19435732159197147
0.19477513863313528
0.19519327620955543
0.1956117319593794
0.19603050366374464
0.196449589243073
0.1968689867535073
0.1972886943834882
0.19770871045046784
0.19812903339775823
0.19854966179151082
0.19897059431782432
0.1993918297799773
0.19981336709578232
0.20023520529505828
0.20065734351721745
0.20107978100896368
0.20150251712209868
0.20192555131143283
0.20234888313279706
0.20277251224115284
0.20319643838879686
0.20362066142365737
0.20404518128767885
0.20446999801529256
0.20489511173196945
0.20532052265285303
0.2057462310814693
0.20617223740851107
0.20659854211069414
0.20702514574968292
0.20745204897108296
0.20787925250349812
0.2083067571576502
0.20873456382555894
0.20916267347978004
0.20959108717269959
0.21001980603588263
0.2104488312794744
0.21087816419165192
0.21130780613812508
0.2117377585616845
0.21216802298179566
0.212598600994237
0.2130294942707811
0.21346070455891716
0.21389223368161356
0.21432408353711951
0.21475625609880405
0.2151887534150317
0.2156215776090734
0.2160547308790516
0.21648821549791866
0.21692203381346756
0.21735618824837366
0.21779068130026705
0.21822551554183428
0.2186606936209487
0.21909621826082878
0.21953209226022338
0.21996831849362333
0.22040489991149878
0.22084183954056133
0.22127914048405048
0.22171680592204376
0.22215483911178982
0.22259324338806405
0.223032022163546
0.2234711789292182
0.22391071725478576
0.22435064078911632
0.22479095326069984
0.22523165847812762
0.22567276033059047
0.22611426278839508
0.22655616990349858
0.2269984858100607
0.2274412147250132
0.2278843609486459
0.22832792886520958
0.22877192294353463
0.2292163477376655
0.22966120788751063
0.23010650811950728
0.2305522532473012
0.23099844817244045
0.23144509788508352
0.23189220746472092
0.2323397820809103
0.2327878269940246
0.23323634755601294
0.2336853492111741
0.23413483749694186
0.2345848180446825
0.2350352965805036
0.23548627892607407
0.23593777099945515
0.23638977881594195
0.23684230848891524
0.23729536623070316
0.23774895835345253
0.23820309127000946
0.2386577714948089
0.23911300564477264
0.23956880044021572
0.24002516270576052
0.24048209937125845
0.2409396174727187
0.2413977241532436
0.24185642666397036
0.24231573236501872
0.24277564872644372
0.2432361833291939
0.2436973438660735
0.24415913814270904
0.24462157407851917
0.24508465970768753
0.24554840318013804
0.246012812762512
0.24647789683914642
0.24694366391305292
0.24741012260689665
0.2478772816639744
0.24834514994919127
0.24881373645003513
0.24928305027754824
0.24975310066729486
0.2502238969803243
0.2506954487041286
0.25116776545359326
0.2516408569719411
0.25211473313166716
0.2525894039354642
0.2530648795171375
0.2535411701425079
0.25401828621030126
0.25449623825302414
0.2549750369378232
0.2554546930673274
0.2559352175804717
0.25641662155330064
0.25689891619974925
0.25738211287240104
0.25786622306322016
0.25835125840425627
0.2588372306683201
0.2593241517696274
0.25981203376440953
0.26030088885148783
0.2607907293728099
0.261281567813945
0.261773416804536
0.26226628911870487
0.26276019767540976
0.26325515553874906
0.2637511759182108
0.2642482721688632
0.26474645779148337
0.26524574643261983
0.2657461518845862
0.26624768808538096
0.26675036911852945
0.2672542092128445
0.2677592227421
0.2682654242246135
0.2687728283227324
0.26928144984221886
0.26979130373152793
0.27030240508097303
0.2708147691217733
0.2713284112249763
0.2718433469002497
0.27235959179453545
0.2728771616905595
0.27339607250518916
0.2739163402876318
0.2744379812174653
0.2749610116024939
0.2754854478764193
0.27601130659631934
0.2765386044399243
0.2770673582026818
0.27759758479459995
0.27812930123685875
0.2786625246581789
0.2791972722909375
0.27973356146701817
0.280271409613385
0.28081083424736747
0.28135185297164395
0.2818944834689106
0.2824387434962229
0.2829846508789955
0.28353222350464663
0.2840814793158726
0.28463243630353746
0.285185112499163
0.28573952596700314
0.28629569479568756
0.28685363708941825
0.2874133709587026
0.2879749145106072
0.2885382858385149
0.28910350301136917
0.289670584062389
0.29023954697723664
0.29081040968162297
0.29138319002833263
0.2919579057836536
0.2925345746131947
0.29311321406707547
0.293693841564474
0.29427647437751747
0.2948611296145028
0.295447824202434
0.29603657486886525
0.2966273981230393
0.2972203102363122
0.29781532722185766
0.29841246481364553
0.29901173844469087
0.29961316322457343
0.3002167539162286
0.3008225249120146
0.3014304902090636
0.30204066338392727
0.30265305756653205
0.3032676854134623
0.30388455908059414
0.3045036901951081
0.30512508982691205
0.3057487684595127
0.30637473596037845
0.30700300155084276
0.30763357377560274
0.3082664604718747
0.3089016687382746
0.3095392049034983
0.31017907449488313
0.3108212822069409
0.31146583186995724
0.31211272641876237
0.31276196786178284
0.31341355725049375
0.31406749464939543
0.31472377910664734
0.3153824086254968
0.31604338013664784
0.31670668947171904
0.3173723313379457
0.31804029929428457
0.31871058572908334
0.3193831818394786
0.3200580776126878
0.32073526180935974
0.3214147219491479
0.32209644429866674
0.3227804138619881
0.3234666143738275
0.3241550282955647
0.32484563681423095
0.3255384198445878
0.3262333560344069
0.32693042277304774
0.32762959620341475
0.32833085123735656
0.32903416157455306
0.32973949972491545
0.3304468370345034
0.33115614371494184
0.3318673888762975
0.3325805405633521
0.3332955657951858
0.3340124306079622
0.33473110010078255
0.33545153848445525
0.33617370913300537
0.3368975746377291
0.3376230968635794
0.33835023700765154
0.33907895565952423
0.3398092128631965
0.3405409681803521
0.34127418075467425
0.34200880937692724
0.34274481255051953
0.34348214855726134
0.3442207755230322
0.3449606514830784
0.3457017344466671
0.34644398246083224
0.34718735367296033
0.3479318063919751
0.3486772991478963
0.349423790749564
0.35017124034033603
0.3509196074515869
0.351668852053853
0.3524189346054909
0.35316981609873405
0.3539214581030537
0.3546738228057497
0.35542687304971543
0.35618057236834055
0.3569348850175334
0.3576897760048609
0.3584452111158213
0.3592011569372787
0.35995758087810376
0.36071445118707546
0.3614717369681126
0.3622294081929112
0.3629874357110755
0.36374579125783485
0.3645044474594479
0.3652633778363985
0.3660225568044936
0.3667819596739741
0.36754156264675447
0.3683013428119055
0.3690612781394962
0.3698213474729098
0.3705815305197482
0.37134180784143594
0.37210216084163444
0.3728625717535725
0.3736230236263974
0.3743835003106456
0.37514398644293095
0.37590446742994044
0.3766649294318271
0.3774253593450833
0.3781857447849732
0.3789460740675995
0.3797063361916756
0.3804665208200677
0.3812266182611705
0.3819866194501721
0.3827465159302633
0.3835062998338396
0.3842659638637414
0.38502550127457535
0.38578490585415376
0.3865441719050879
0.3873032942265665
0.38806226809634803
0.38882108925299214
0.38957975387835386
0.39033825858036
0.3910966003760862
0.3918547766751504
0.39261278526343535
0.3933706242871527
0.39412829223725765
0.3948857879342225
0.39564311051317536
0.396400259409409
0.3971572343442636
0.3979140353113857
0.3986706625633646
0.39942711659874675
0.4001833981494272
0.4009395081684171
0.4016954478179842
0.40245121845816473
0.40320682163564164
0.4039622590729869
0.4047175326582615
0.40547264443497
0.40622759659236285
0.40698239145608184
0.4077370314791425
0.4084915192332471
0.4092458574004226
0.4100000487649757
0.4107540962057606
0.41150800268875026
0.41226177125990643
0.4130154050383404
0.4137689072097581
0.4145222810201829
0.41527552976994836
0.4160286568079552
0.4167816655261851
0.4175345593544646
0.41828734175547255
0.41904001621998455
0.4197925862623476
0.4205450554161789
0.4212974272302821
0.4220497052647748
0.4228018930874218
0.42355399427016666
0.4243060123858574
0.4250579510051591
0.4258098136936483
0.426561604009084
0.427313325498849
0.4280649816975567
0.4288165761248183
0.429568112283165
0.43031959365612016
0.43107102370641703
0.4318224058743569
0.4325737435763029
0.4333250402033057
0.4340762991198556
0.43482752366275784
0.4355787171401259
0.4363298828304896
0.4370810239820135
0.4378321438118215
0.43858324550542466
0.4393343322162474
0.44008540706524946
0.44083647314063934
0.441587533497676
0.44233859115855534
0.4430896491123781
0.44384071031519545
0.4445917776901298
0.4453428541275664
0.4460939424854132
0.44684504558942545
0.44759616623359183
0.4483473071805783
0.44909847116222684
0.449849660880105
0.45060087900610296
0.4513521281830747
0.45210341102551804
0.4528547301202911
0.4536060880273595
0.45435748728057024
0.45510893038844685
0.4558604198350008
0.45661195808055277
0.45736354756255737
0.45811519069642426
0.4588668898763277
0.4596186474759954
0.4603704658494673
0.4611223473318125
0.46187429423979304
0.46262630887245904
0.46337839351166105
0.46413055042246043
0.46488278185341847
0.46563509003674086
0.4663874771882517
0.4671399455071677
0.46789249717563897
0.4686451343580183
0.4693978591998161
0.4701506738262914
0.4709035803406243
0.4716565808216058
0.47240967732077466
0.47316287185892053
0.4739161664218627
0.4746695629554028
0.4754230633593375
0.476176669480404
0.4769303831040176
0.4776842059446461
0.4784381396346513
0.47919218571141353
0.47994634560254334
0.4807006206089732
0.48145501188571604
0.4822095204200777
0.48296414700711676
0.4837188922221679
0.4844737563902775
0.48522873955245815
0.48598384142874934
0.48673906137818457
0.4874943983559141
0.4882498508679257
0.4890054169240403
0.48976109399014495
0.49051687894094587
0.49127276801488035
0.49202875677318597
0.492784840065468
0.4935410120043823
0.494297265952212
0.49505359452210956
0.49580998959653516
0.4965664423649224
0.49732294338180866
0.49807948264561286
0.49883604969698747
0.4995926337343232
0.5003492237426912
0.5011058086314254
0.5018623773748216
0.5026189191501619
0.5033754234675024
0.5041318802863584
0.5048882801154767
0.5056446140931737
0.5064008740470605
0.5071570525332487
0.5079131428562039
0.5086691390712231
0.5094250359720423
0.5101808290663331
0.5109365145418756
0.5116920892260395
0.5124475505409399
0.513202896456294
0.5139581254416435
0.5147132364192545
0.5154682287186773
0.516223102033667
0.5169778563819205
0.5177324920678947
0.5184870096488142
0.5192414099038655
0.519995693806487
0.5207498624996106
0.5215039172736687
0.5222578595471651
0.5230116908495946
0.5237654128064998
0.5245190271264552
0.5252725355897838
0.5260259400388199
0.5267792423695472
0.5275324445244572
0.5282855484864842
0.52903855627389
0.5297914699359829
0.5305442915495688
0.5312970232160421
0.5320496670590358
0.5328022252225587
0.5335546998695572
0.5343070931808432
0.5350594073543415
0.5358116446046107
0.5365638071626009
0.5373158972756132
0.5380679172074326
0.5388198692386061
0.5395717556668452
0.5403235788075307
0.5410753409943019
0.5418270445797161
0.5425786919359616
0.5433302854556138
0.5440818275524218
0.5448333206621173
0.5455847672432342
0.5463361697779344
0.5470875307728287
0.5478388527597896
0.5485901382967477
0.5493413899684677
0.5500926103872976
0.5508438021938875
0.551594968057873
0.5523461106785192
0.5530972327853215
0.5538483371385586
0.5545994265297958
0.5553505037823325
0.5561015717515937
0.5568526333254585
0.5576036914245259
0.5583547490023115
0.5591058090453735
0.5598568745733646
0.560607948639006
0.56135903432798
0.5621101347587384
0.5628612530822231
0.5636123924814949
0.5643635561712672
0.5651147473973419
0.5658659694359417
0.5666172255929367
0.5673685192029615
0.5681198536284173
0.5688712322583562
0.5696226585072434
0.570374135813592
0.5711256676384681
0.5718772574638588
0.5726289087909009
0.573380625137965
0.5741324100385886
0.5748842670392562
0.575636199697018
0.5763882115769443
0.5771403062494099
0.5778924872872023
0.5786447582624483
0.5793971227433543
0.5801495842907531
0.5809021464544526
0.581654812769379
0.5824075867515102
0.5831604718935905
0.5839134716606239
0.5846665894851355
0.5854198287621979
0.586173192844214
0.58692668503545
0.5876803085863125
0.588434066687362
0.5891879624630564
0.5899419989652177
0.5906961791662152
0.5914505059518574
0.5922049821139875
0.5929596103427737
0.5937143932186889
0.5944693332041736
0.5952244326349737
0.5959796937111486
0.5967351184877425
0.597490708865114
0.5982464665789169
0.599002393189728
0.5997584900723169
0.6005147584045522
0.6012711991559418
0.6020278130758026
0.6027846006810557
0.6035415622436476
0.6042986977775935
0.6050560070256422
0.6058134894455649
0.6065711441960661
0.6073289701223211
0.6080869657411436
0.6088451292257864
0.6096034583903838
0.6103619506740419
0.6111206031245877
0.6118794123819866
0.6126383746614438
0.6133974857362028
0.6141567409200609
0.61491613504962
0.615675662466296
0.6164353169981136
0.6171950919413118
0.6179549800417947
0.6187149734764601
0.6194750638344445
0.620235242098327
0.6209954986253359
0.6217558231286073
0.622516204658551
0.6232766315843767
0.6240370915758474
0.6247975715853198
0.625558057830147
0.6263185357755146
0.627078990117791
0.6278394047684741
0.6285997628388222
0.6293600466252621
0.6301202375956684
0.6308803163766155
0.6316402627417045
0.6324000556010723
0.6331596729921917
0.6339190920720752
0.6346782891109956
0.6354372394878381
0.6361959176872015
0.6369542972983607
0.637712351016208
0.6384700506442839
0.6392273671000075
0.6399842704222126
0.6407407297810893
0.6414967134906259
0.6422521890236378
0.6430071230294621
0.6437614813543849
0.6445152290648606
0.6452683304735638
0.6460207491683095
0.646772448043853
0.647523389336572
0.6482735346620128
0.6490228450552652
0.6497712810141134
0.6505188025448885
0.6512653692109303
0.6520109401835466
0.6527554742953358
0.6534989300957217
0.6542412659085283
0.654982439891405
0.6557224100968942
0.6564611345349174
0.657198571236441
0.6579346783180698
0.658669414047305
0.6594027369081922
0.6601346056670833
0.6608649794382239
0.6615938177488823
0.6623210806037332
0.663046728548213
0.6637707227305681
0.6644930249623281
0.6652135977769427
0.6659324044863373
0.6666494092351541
0.6673645770524649
0.6680778739007569
0.6687892667220174
0.6694987234807592
0.6702062132038544
0.6709117060170653
0.6716151731781844
0.672316587106719
0.673015921410078
0.6737131509062425
0.674408251642922
0.6751012009132206
0.6757919772678562
0.676480560523996
0.6771669317707856
0.6778510733716705
0.678532968963617
0.6792126034533555
0.6798899630107802
0.6805650350596465
0.6812378082657173
0.6819082725225137
0.6825764189348307
0.683242239800181
0.6839057285883332
0.6845668799191083
0.6852256895385983
0.6858821542939713
0.6865362721070186
0.6871880419466024
0.6878374638001515
0.6884845386443512
0.6891292684151658
0.6897716559773261
0.6904117050934089
0.6910494203926237
0.6916848073394228
0.6923178722020352
0.6929486220210227
0.6935770645779484
0.694203208364239
0.6948270625503161
0.695448636955067
0.6960679420157143
0.6966849887581421
0.6972997887677262
0.6979123541607142
0.6985226975561905
0.6991308320486621
0.6997367711812911
0.7003405289197968
0.7009421196270486
0.7015415580383616
0.7021388592375091
0.7027340386334575
0.7033271119378296
0.7039180951430978
0.7045070045015063
0.7050938565047202
0.705678667864195
0.7062614554922603
0.706842236483909
0.7074210280992822
0.7079978477468373
0.7085727129671875
0.7091456414176
0.7097166508571365
0.7102857591324239
0.7108529841640363
0.7114183439334759
0.7119818564707336
0.7125435398424149
0.7131034121404126
0.7136614914711115
0.7142177959451064
0.7147723436674186
0.7153251527281925
0.7158762411938575
0.716425627098737
0.7169733284370914
0.7175193631555756
0.7180637491460994
0.7186065042390722
0.7191476461970201
0.7196871927085586
0.7202251613827086
0.7207615697435402
0.7212964352251331
0.7218297751668381
0.7223616068088299
0.7228919472879362
0.7234208136337331
0.7239482227648955
0.7244741914857894
0.7249987364832985
0.7255218743238718
0.7260436214507842
0.7265639941815998
0.727083008705829
0.7276006810827698
0.7281170272395256
0.7286320629691913
0.729145803929198
0.7296582656398126
0.7301694634827798
0.730679412700104
0.7311881283929623
0.7316956255207426
0.7322019189001997
0.7327070232047252
0.7332109529637246
0.7337137225620958
0.7342153462398042
0.7347158380915499
0.7352152120665215
0.7357134819682319
0.7362106614544328
0.736706764037102
0.7372018030825015
0.737695791811301
0.7381887432987636
0.7386806704749911
0.7391715861252239
0.7396615028901942
0.7401504332665273
0.7406383896071911
0.7411253841219873
0.7416114288780851
0.7420965358005926
0.7425807166731652
0.7430639831386459
0.7435463466997395
0.7440278187197152
0.7445084104231364
0.7449881328966167
0.7454669970895995
0.7459450138151598
0.746422193750826
0.7468985474394212
0.7473740852899213
0.7478488175783293
0.7483227544485638
0.7487959059133609
0.7492682818551885
0.7497398920271706
0.750210746054022
0.750680853432991
0.7511502235348098
0.751618865604652
0.7520867887630948
0.7525540020070866
0.7530205142109182
0.7534863341271972
0.7539514703878245
0.754415931504972
0.754879725872062
0.7553428617647457
0.755805347341882
0.7562671906465143
0.7567283996068461
0.7571889820372143
0.757648945639059
0.7581082980018905
0.7585670466042517
0.7590251988146767
0.7594827618926442
0.7599397429895255
0.7603961491495262
0.760851987310623
0.7613072643054919
0.7617619868624314
0.7622161616062765
0.7626697950593062
0.7631228936421419
0.7635754636746376
0.7640275113767613
0.764479042869467
0.7649300641755572
0.7653805812205353
0.7658305998334484
0.7662801257477183
0.7667291646019633
0.7671777219408072
0.7676258032156782
0.7680734137855946
0.7685205589179396
0.7689672437892232
0.7694134734858312
0.7698592530047614
0.770304587254346
0.7707494810549612
0.7711939391397217
0.7716379661551617
0.772081566661901
0.7725247451352958
0.7729675059660744
0.7734098534609576
0.7738517918432618
0.7742933252534873
0.7747344577498885
0.7751751933090276
0.7756155358263105
0.7760554891165045
0.7764950569142379
0.7769342428744808
0.7773730505730058
0.77781148350683
0.7782495450946361
0.7786872386771725
0.7791245675176327
0.7795615348020127
0.7799981436394455
0.7804343970625134
0.7808702980275357
0.7813058494148336
0.7817410540289687
0.7821759145989569
0.7826104337784556
0.7830446141459246
0.7834784582047578
0.7839119683833878
0.7843451470353603
0.7847779964393782
0.7852105187993148
0.7856427162441949
0.786074590828142
0.7865061445302926
0.7869373792546737
0.7873682968300455
0.7877988990097057
0.7882291874712547
0.788659163816322
0.7890888295702495
0.7895181861817343
0.7899472350224251
0.7903759773864744
0.7908044144900426
0.7912325474707543
0.7916603773871027
0.7920879052178027
0.7925151318610894
0.7929420581339603
0.7933686847713607
0.7937950124253068
0.7942210416639487
0.7946467729705675
0.7950722067425066
0.7954973432900326
0.795922182835126
0.7963467255101963
0.7967709713567213
0.7971949203238062
0.7976185722666604
0.798041926944989
0.798464984021296
0.798887743059096
0.7993102035210321
0.7997323647668947
0.8001542260515407
0.8005757865227079
0.8009970452187213
0.8014180010660892
0.8018386528769842
0.8022589993466066
0.8026790390504267
0.803098770441302
0.8035181918464667
0.8039373014643906
0.8043560973615032
0.8047745774687807
0.8051927395781939
0.8056105813390138
0.8060281002539719
0.8064452936752765
0.8068621588004806
0.807278692668202
0.8076948921536959
0.8081107539642811
0.8085262746346189
0.808941450521851
0.8093562778005966
0.8097707524578168
0.8101848702875498
0.8105986268855276
0.8110120176436828
0.8114250377445579
0.811837682155632
0.8122499456235818
0.8126618226684961
0.8130733075780691
0.8134843944017968
0.8138950769452094
0.8143053487641728
0.8147152031593007
0.8151246331705196
0.8155336315718394
0.8159421908663822
0.8163503032817342
0.8167579607656871
0.8171651549824444
0.8175718773093753
0.8179781188344054
0.8183838703541396
0.8187891223728233
0.8191938651022506
0.8195980884627388
0.820001782085293
0.8204049353150883
0.8208075372164078
0.8212095765791687
0.8216110419271788
0.82201192152826
0.8224122034063747
0.8228118753558853
0.8232109249580681
0.823609339599991
0.8240071064958484
0.8244042127108269
0.8248006451875515
0.8251963907751323
0.8255914362607992
0.8259857684040757
0.8263793739733987
0.8267722397850511
0.8271643527442218
0.8275556998879617
0.8279462684297539
0.8283360458053666
0.8287250197196113
0.8291131781935861
0.8295005096119439
0.8298870027696993
0.8302726469180612
0.8306574318087703
0.8310413477364148
0.831424385578215
0.8318065368307814
0.8321877936433948
0.8325681488473938
0.8329475959813186
0.8333261293115191
0.8337037438480112
0.8340804353554392
0.8344562003590824
0.8348310361459227
0.8352049407608676
0.8355779129982956
0.8359499523891568
0.8363210591839205
0.8366912343317117
0.8370604794560155
0.8374287968273608
0.8377961893334102
0.838162660446893
0.8385282141918197
0.8388928551084012
0.8392565882170873
0.8396194189821088
0.8399813532748858
0.840342397337629
0.8407025577474304
0.8410618413811012
0.8414202553809831
0.8417778071219199
0.8421345041795449
0.8424903543000081
0.8428453653712321
0.8431995453957669
0.8435529024652791
0.8439054447366962
0.8442571804100031
0.8446081177076752
0.8449582648557127
0.8453076300662352
0.8456562215215824
0.8460040473598601
0.8463511156618675
0.8466974344393329
0.8470430116243886
0.8473878550602095
0.8477319724927431
0.8480753715634559
0.848418059803027
0.8487600446259166
0.8491013333257444
0.8494419330714114
0.8497818509039038
0.8501210937337221
0.8504596683388774
0.8507975813634047
0.851134839316344
0.8514714485711447
0.8518074153654475
0.8521427458012094
0.8524774458451314
0.8528115213293569
0.8531449779524104
0.8534778212803469
0.8538100567480867
0.8541416896609121
0.8544727251961028
0.854803168404693
0.8551330242133286
0.8554622974262124
0.8557909927271184
0.8561191146814658
0.8564466677384374
0.8567736562331338
0.8571000843887541
0.8574259563187917
0.8577512760292412
0.8580760474208067
0.8584002742911069
0.8587239603368716
0.8590471091561244
0.8593697242503473
0.8596918090266255
0.860013366799766
0.8603344007943913
0.8606549141470017
0.8609749099080083
0.8612943910437322
0.86161336043837
0.8619318208959242
0.8622497751420974
0.8625672258261501
0.8628841755227211
0.8632006267336113
0.8635165818895293
0.8638320433517996
0.8641470134140339
0.864461494303764
0.8647754881840394
0.8650889971549868
0.865402023255334
0.8657145684638982
0.8660266347010386
0.8663382238300749
0.8666493376586709
0.8669599779401858
0.8672701463749909
0.8675798446117564
0.8678890742487043
0.8681978368348322
0.868506133871106
0.8688139668116235
0.8691213370647491
0.8694282459942204
0.8697346949202273
0.8700406851204642
0.8703462178311568
0.8706512942480631
0.8709559155274488
0.87126008278704
0.8715637971069521
0.8718670595305948
0.8721698710655563
0.8724722326844648
0.8727741453258299
0.8730756098948623
0.8733766272642752
0.8736771982750651
0.8739773237372739
0.8742770044307338
0.8745762411057929
0.8748750344840249
0.8751733852589211
0.8754712940965663
0.8757687616362994
0.8760657884913574
0.8763623752495063
0.8766585224736553
0.8769542307024581
0.8772495004509011
0.8775443322108761
0.8778387264517424
0.8781326836208746
0.878426204144199
0.8787192884267179
0.879011936853022
0.8793041497877924
0.8795959275762901
0.8798872705448368
0.8801781790012838
0.8804686532354714
0.8807586935196788
0.8810483001090641
0.8813374732420949
0.8816262131409703
0.8819145200120343
0.8822023940461797
0.8824898354192449
0.8827768442924016
0.8830634208125353
0.8833495651126182
0.8836352773120739
0.8839205575171355
0.8842054058211967
0.8844898223051553
0.8847738070377508
0.8850573600758951
0.8853404814649967
0.8856231712392788
0.8859054294220915
0.8861872560262178
0.8864686510541744
0.8867496144985058
0.8870301463420742
0.8873102465583432
0.8875899151116567
0.8878691519575123
0.88814795704283
0.8884263303062164
0.8887042716782233
0.8889817810816023
0.8892588584315549
0.8895355036359778
0.889811716595704
0.8900874972047399
0.890362845350498
0.8906377609140258
0.8909122437702305
0.8911862937881
0.8914599108309199
0.8917330947564873
0.8920058454173203
0.8922781626608643
0.8925500463296953
0.8928214962617183
0.8930925122903643
0.893363094244783
0.8936332419500316
0.8939029552272619
0.8941722338939037
0.8944410777638446
0.8947094866476081
0.8949774603525272
0.8952449986829168
0.895512101440242
0.8957787684232841
0.8960449994283043
0.8963107942492041
0.8965761526776835
0.8968410745033965
0.8971055595141038
0.8973696074958237
0.8976332182329804
0.8978963915085487
0.8981591271041984
0.8984214248004347
0.8986832843767373
0.8989447056116963
0.8992056882831471
0.8994662321683022
0.8997263370438815
0.8999860026862395
0.9002452288714918
0.9005040153756384
0.9007623619746853
0.9010202684447648
0.9012777345622527
0.9015347601038844
0.901791344846869
0.9020474885690007
0.9023031910487701
0.9025584520654713
0.9028132713993094
0.9030676488315051
0.9033215841443974
0.9035750771215454
0.9038281275478273
0.9040807352095388
0.9043328998944893
0.9045846213920962
0.9048358994934781
0.9050867339915459
0.9053371246810931
0.9055870713588831
0.9058365738237367
0.9060856318766168
0.9063342453207122
0.9065824139615192
0.9068301376069228
0.9070774160672757
0.9073242491554756
0.9075706366870422
0.9078165784801914
0.908062074355909
0.908307124138023
0.9085517276532736
0.9087958847313835
0.9090395952051251
0.9092828589103876
0.9095256756862423
0.9097680453750066
0.9100099678223065
0.9102514428771388
0.9104924703919307
0.9107330502225993
0.9109731822286088
0.9112128662730276
0.9114521022225831
0.9116908899477165
0.9119292293226352
0.9121671202253646
0.9124045625377992
0.9126415561457517
0.9128781009390013
0.9131141968113412
0.9133498436606242
0.9135850413888084
0.9138197899020003
0.9140540891104985
0.9142879389288344
0.914521339275814
0.9147542900745567
0.9149867912525341
0.9152188427416079
0.915450444478066
0.9156815964026583
0.9159122984606313
0.9161425506017611
0.9163723527803869
0.9166017049554417
0.9168306070904836
0.917059059153725
0.9172870611180616
0.9175146129611003
0.9177417146651857
0.9179683662174268
0.9181945676097213
0.9184203188387802
0.918645619906151
0.9188704708182405
0.9190948715863354
0.9193188222266242
0.9195423227602163
0.9197653732131611
0.9199879736164663
0.9202101240061156
0.9204318244230844
0.9206530749133562
0.9208738755279379
0.9210942263228729
0.9213141273592552
0.9215335787032422
0.9217525804260658
0.9219711326040444
0.9221892353185925
0.9224068886562309
0.922624092708595
0.9228408475724437
0.9230571533496662
0.9232730101472892
0.923488418077483
0.9237033772575666
0.9239178878100123
0.9241319498624502
0.9243455635476714
0.9245587290036305
0.9247714463734479
0.9249837158054114
0.9251955374529764
0.925406911474767
0.9256178380345744
0.9258283173013572
0.9260383494492386
0.9262479346575049
0.9264570731106024
0.9266657649981341
0.9268740105148557
0.9270818098606711
0.9272891632406275
0.9274960708649094
0.9277025329488329
0.9279085497128388
0.9281141213824854
0.9283192481884408
0.9285239303664747
0.9287281681574497
0.9289319618073121
0.929135311567082
0.9293382176928433
0.9295406804457332
0.9297427000919307
0.9299442769026453
0.9301454111541048
0.9303461031275431
0.930546353109187
0.930746161390243
0.9309455282668836
0.9311444540402329
0.9313429390163525
0.9315409835062256
0.9317385878257428
0.9319357522956855
0.9321324772417099
0.9323287629943307
0.932524609888904
0.93272001826561
0.9329149884694359
0.9331095208501571
0.9333036157623196
0.9334972735652209
0.9336904946228916
0.9338832793040752
0.9340756279822096
0.934267541035406
0.9344590188464299
0.9346500618026795
0.9348406702961656
0.9350308447234901
0.9352205854858249
0.93540989298889
0.9355987676429317
0.9357872098627005
0.9359752200674283
0.9361627986808061
0.936349946130961
0.9365366628504328
0.9367229492761507
0.9369088058494098
0.937094233015847
0.9372792312254171
0.9374638009323685
0.9376479425952184
0.9378316566767286
0.9380149436438803
0.9381978039678489
0.9383802381239792
0.9385622465917594
0.9387438298547957
0.9389249884007868
0.9391057227214974
0.9392860333127326
0.9394659206743113
0.9396453853100399
0.9398244277276858
0.9400030484389506
0.940181247959443
0.9403590268086527
0.9405363855099222
0.9407133245904207
0.9408898445811156
0.9410659460167461
0.941241629435795
0.9414168953804616
0.9415917443966333
0.9417661770338583
0.9419401938453176
0.9421137953877966
0.9422869822216576
0.9424597549108111
0.942632114022688
0.9428040601282108
0.942975593801766
0.9431467156211747
0.9433174261676649
0.9434877260258426
0.9436576157836634
0.9438270960324036
0.9439961673666317
0.94416483038418
0.9443330856861152
0.9445009338767101
0.9446683755634149
0.9448354113568279
0.9450020418706672
0.9451682677217413
0.9453340895299209
0.9454995079181094
0.9456645235122145
0.945829136941119
0.9459933488366521
0.9461571598335604
0.9463205705694792
0.9464835816849034
0.9466461938231593
0.9468084076303748
0.9469702237554513
0.9471316428500346
0.9472926655684866
0.9474532925678559
0.9476135245078499
0.9477733620508051
0.9479328058616596
0.9480918566079238
0.9482505149596521
0.9484087815894142
0.9485666571722672
0.9487241423857264
0.9488812379097378
0.9490379444266489
0.9491942626211815
0.9493501931804024
0.9495057367936964
0.9496608941527375
0.949815665951461
0.9499700528860361
0.9501240556548372
0.9502776749584169
0.950430911499478
0.9505837659828459
0.950736239115441
0.9508883316062514
0.9510400441663052
0.9511913775086436
0.9513423323482935
0.9514929094022403
0.9516431093894012
0.9517929330305979
0.9519423810485298
0.9520914541677474
0.9522401531146258
0.9523884786173378
0.9525364314058273
0.9526840122117838
0.952831221768615
0.9529780608114218
0.9531245300769713
0.9532706303036714
0.9534163622315449
0.9535617266022037
0.9537067241588233
0.953851355646117
0.9539956218103111
0.9541395233991189
0.9542830611617164
0.9544262358487164
0.9545690482121446
0.9547114990054136
0.9548535889832992
0.9549953189019154
0.9551366895186899
0.9552777015923404
0.9554183558828497
0.9555586531514421
0.955698594160559
0.9558381796738358
0.9559774104560775
0.9561162872732357
0.956254810892385
0.9563929820816994
0.9565308016104298
0.9566682702488802
0.9568053887683856
0.9569421579412887
0.9570785785409173
0.9572146513415619
0.9573503771184537
0.9574857566477419
0.9576207907064717
0.9577554800725622
0.9578898255247852
0.9580238278427429
0.9581574878068466
0.9582908061982953
0.9584237837990544
0.9585564213918345
0.9586887197600706
0.9588206796879012
0.9589523019601472
0.9590835873622923
0.9592145366804611
0.9593451507014004
0.9594754302124577
0.9596053760015624
0.9597349888572047
0.9598642695684169
0.9599932189247533
0.9601218377162709
0.96025012673351
0.9603780867674749
0.9605057186096156
0.960633023051808
0.9607600008863356
0.960886652905871
0.9610129799034572
0.9611389826724895
0.9612646620066972
0.9613900187001256
0.9615150535471181
0.9616397673422983
0.9617641608805529
0.9618882349570138
0.9620119903670408
0.9621354279062043
0.9622585483702689
0.9623813525551758
0.9625038412570261
0.9626260152720649
0.9627478753966638
0.9628694224273053
0.9629906571605663
0.9631115803931021
0.9632321929216303
0.9633524955429156
0.9634724890537533
0.9635921742509544
0.9637115519313303
0.963830622891677
0.9639493879287604
0.9640678478393014
0.9641860034199611
0.9643038554673256
0.9644214047778921
0.9645386521480542
0.9646555983740878
0.9647722442521365
0.964888590578198
0.9650046381481102
0.9651203877575375
0.9652358402019569
0.9653509962766447
0.9654658567766633
0.9655804224968478
0.965694694231793
0.9658086727758404
0.9659223589230654
0.9660357534672649
0.9661488572019441
0.9662616709203047
0.9663741954152322
0.966486431479284
0.9665983799046773
0.9667100414832771
0.9668214170065842
0.9669325072657241
0.967043313051435
0.9671538351540565
0.9672640743635185
0.9673740314693297
0.9674837072605668
0.9675931025258634
0.9677022180533996
0.9678110546308909
0.9679196130455777
0.9680278940842151
0.9681358985330624
0.9682436271778729
0.9683510808038841
0.9684582601958074
0.9685651661378183
0.9686717994135469
0.9687781608060679
0.968884251097892
0.9689900710709553
0.9690956215066108
0.9692009031856192
0.9693059168881399
0.9694106633937217
0.9695151434812943
0.9696193579291595
0.9697233075149829
0.969826993015785
0.9699304152079331
0.9700335748671329
0.9701364727684206
0.9702391096861546
0.9703414863940074
0.9704436036649585
0.9705454622712859
0.9706470629845589
0.9707484065756306
0.97084949381463
0.9709503254709557
0.9710509023132676
0.9711512251094805
0.9712512946267567
0.9713511116314996
0.9714506768893463
0.9715499911651615
0.9716490552230305
0.9717478698262527
0.9718464357373355
0.9719447537179878
0.9720428245291137
0.9721406489308067
0.9722382276823431
0.972335561542177
0.9724326512679335
0.9725294976164036
0.9726261013435383
0.9727224632044432
0.9728185839533728
0.9729144643437255
0.973010105128038
0.97310550705798
0.9732006708843498
0.9732955973570684
0.9733902872251752
0.9734847412368227
0.9735789601392724
0.9736729446788893
0.9737666956011382
0.9738602136505783
0.9739534995708595
0.974046554104718
0.9741393779939713
0.9742319719795152
0.9743243368013186
0.9744164731984204
0.9745083819089251
0.9746000636699989
0.9746915192178661
0.9747827492878057
0.9748737546141473
0.9749645359302674
0.975055093968587
0.9751454294605669
0.9752355431367054
0.9753254357265344
0.9754151079586167
0.9755045605605428
0.9755937942589277
0.9756828097794081
0.9757716078466397
0.9758601891842941
0.975948554515056
0.9760367045606213
0.9761246400416935
0.9762123616779819
0.9762998701881986
0.976387166290057
0.9764742507002683
0.9765611241345402
0.9766477873075744
0.9767342409330644
0.9768204857236935
0.976906522391133
0.9769923516460397
0.977077974198055
0.977163390755802
0.9772486020268849
0.9773336087178863
0.9774184115343663
0.9775030111808605
0.9775874083608789
0.9776716037769041
0.9777555981303901
0.9778393921217612
0.9779229864504101
0.9780063818146975
0.9780895789119505
0.9781725784384615
0.9782553810894873
0.9783379875592482
0.9784203985409268
0.9785026147266673
0.978584636807575
0.9786664654737148
0.9787481014141114
0.9788295453167477
0.978910797868565
0.9789918597554621
0.9790727316622947
0.9791534142728753
0.9792339082699723
0.9793142143353101
0.9793943331495687
0.9794742653923832
0.9795540117423441
0.9796335728769965
0.9797129494728405
0.979792142205331
0.9798711517488774
0.9799499787768442
0.9800286239615507
0.9801070879742709
0.9801853714852343
0.9802634751636257
0.9803413996775853
0.9804191456942093
0.9804967138795504
0.9805741048986176
0.9806513194153773
0.9807283580927532
0.980805221592627
0.9808819105758391
0.980958425702189
0.9810347676304363
0.9811109370183008
0.9811869345224634
0.9812627607985672
0.981338416501218
0.981413902283985
0.9814892187994018
0.9815643666989674
0.9816393466331471
0.9817141592513734
0.9817888052020468
0.9818632851325374
0.9819375996891854
0.9820117495173025
0.9820857352611733
0.9821595575640558
0.9822332170681832
0.982306714414765
0.9823800502439882
0.9824532251950187
0.9825262399060025
0.9825990950140674
0.9826717911553241
0.9827443289648677
0.9828167090767795
0.982888932124128
0.9829609987389706
0.9830329095523556
0.9831046651943232
0.9831762662939073
0.9832477134791376
0.9833190073770407
0.9833901486136419
0.9834611378139674
0.9835319756020454
0.9836026626009086
0.9836731994325953
0.9837435867181521
0.9838138250776349
0.9838839151301115
0.983953857493663
0.9840236527853863
0.9840933016213955
0.9841628046168245
0.9842321623858284
0.9843013755415864
0.9843704446963027
0.98443937046121
0.9845081534465704
0.9845767942616783
0.9846452935148624
0.9847136518134877
0.984781869763958
0.9848499479717181
0.9849178870412559
0.9849856875761048
0.9850533501788461
0.9851208754511112
0.985188263993584
0.9852555164060032
0.985322633287165
0.9853896152349251
0.9854564628462014
0.9855231767169764
0.9855897574422999
0.9856562056162911
0.985722521832141
0.9857887066821159
0.9858547607575588
0.9859206846488927
0.9859864789456229
0.9860521442363396
0.9861176811087208
0.9861830901495345
0.9862483719446421
0.9863135270790002
0.9863785561366639
0.9864434597007893
0.9865082383536361
0.9865728926765709
0.9866374232500693
0.9867018306537191
0.9867661154662228
0.986830278265401
0.9868943196281944
0.9869582401306674
0.9870220403480102
0.9870857208545427
0.9871492822237165
0.9872127250281179
0.9872760498394715
0.9873392572286424
0.9874023477656394
0.9874653220196181
0.9875281805588838
0.9875909239508943
0.9876535527622633
0.987716067558763
0.9877784689053272
0.9878407573660547
0.9879029335042122
0.987964997882237
0.9880269510617404
0.9880887936035111
0.9881505260675175
0.9882121490129117
0.9882736629980319
0.988335068580406
0.9883963663167548
0.9884575567629945
0.988518640474241
0.9885796180048119
0.9886404899082304
0.9887012567372285
0.98876191904375
0.9888224773789537
0.9888829322932168
0.9889432843361381
0.9890035340565413
0.9890636820024782
0.9891237287212319
0.9891836747593203
0.9892435206624993
0.9893032669757661
0.9893629142433624
0.9894224630087781
0.9894819138147541
0.9895412672032862
0.9896005237156279
0.9896596838922943
0.989718748273065
0.989777717396988
0.9898365918023825
0.9898953720268426
0.989954058607241
0.9900126520797317
0.990071152979754
0.9901295618420358
0.990187879200597
0.9902461055887528
0.9903042415391173
0.9903622875836071
0.9904202442534444
0.9904781120791608
0.9905358915906006
0.9905935833169244
0.9906511877866123
0.990708705527468
0.9907661370666219
0.9908234829305342
0.9908807436449995
0.990937919735149
0.9909950117254555
0.9910520201397355
0.9911089455011538
0.9911657883322266
0.991222549154825
0.9912792284901788
0.99133582685888
0.9913923447808861
0.9914487827755241
0.9915051413614936
0.9915614210568711
0.9916176223791128
0.9916737458450589
0.9917297919709365
0.9917857612723637
0.9918416542643534
0.9918974714613163
0.9919532133770649
0.9920088805248171
0.9920644734171997
0.9921199925662524
0.9921754384834309
0.9922308116796111
0.9922861126650924
0.9923413419496013
0.9923965000422954
0.9924515874517668
0.9925066046860457
0.9925615522526043
0.9926164306583607
0.9926712404096818
0.9927259820123878
0.9927806559717554
0.9928352627925215
0.9928898029788874
0.9929442770345218
0.992998685462565
0.9930530287656324
0.9931073074458183
0.9931615220046995
0.9932156729433392
0.9932697607622906
0.9933237859616004
0.9933777490408131
0.9934316504989742
0.9934854908346341
0.993539270545852
0.9935929901301993
0.9936466500847637
0.9937002509061528
0.9937537930904976
0.9938072771334568
0.9938607035302202
0.9939140727755121
0.9939673853635961
0.9940206417882776
0.9940738425429085
0.9941269881203907
0.9941800790131795
0.994233115713288
0.9942860987122905
0.994339028501326
0.9943919055711029
0.9944447304119017
0.9944975035135796
0.9945502253655736
0.994602896456905
0.9946555172761827
0.9947080883116071
0.9947606100509738
0.9948130829816779
0.9948655075907171
0.9949178843646959
0.9949702137898292
0.9950224963519464
0.9950747325364949
0.9951269228285441
0.9951790677127891
0.9952311676735545
0.9952832231947982
0.9953352347601157
0.9953872028527427
0.9954391279555606
0.9954910105510986
0.9955428511215388
0.9955946501487197
0.9956464081141394
0.9956981254989603
0.9957498027840123
0.9958014404497969
0.9958530389764911
0.9959045988439511
0.9959561205317159
0.9960076045190117
0.9960590512847552
0.9961104613075579
0.9961618350657292
0.9962131730372812
0.9962644756999318
0.9963157435311089
0.996366977007954
0.9964181766073263
0.9964693428058065
0.9965204760797003
0.9965715769050427
0.9966226457576016
0.9966736831128817
0.9967246894461284
0.9967756652323314
0.996826610946229
0.9968775270623115
0.9969284140548252
0.9969792723977766
0.9970301025649356
0.9970809050298399
0.9971316802657987
0.9971824287458962
0.9972331509429961
0.997283847329745
0.9973345183785762
0.9973851645617141
0.9974357863511775
0.9974863842187834
0.9975369586361517
0.9975875100747079
0.9976380390056879
0.9976885459001413
0.9977390312289356
0.9977894954627597
0.9978399390721283
0.9978903625273853
0.9979407662987076
0.9979911508561096
0.9980415166694463
0.9980918642084177
0.9981421939425723
0.9981925063413114
0.9982428018738925
0.9982930810094334
0.9983433442169161
0.9983935919651906
0.9984438247229789
0.9984940429588784
0.9985442471413667
0.9985944377388044
0.9986446152194396
0.9986947800514117
0.9987449327027551
0.9987950736414034
0.9988452033351929
0.9988953222518665
0.9989454308590778
0.9989955296243951
0.9990456190153045
0.999095699499215
0.999145771543461
0.9991958356153072
0.9992458921819524
0.9992959417105325
0.9993459846681254
0.9993960215217544
0.999446052738392
0.9994960787849642
0.9995461001283535
0.999596117235404
0.9996461305729242
0.9996961406076914
0.9997461478064557
0.9997961526359432
0.9998461555628608
0.9998961570538993
0.9999461575757377
0.9999961575950469
